1000
999
0,1,1
0,2,2
0,3,3
3,4,1
3,5,3
4,5,1
1,6,6
2,6,5
3,6,4
0,6,6
2,7,6
5,7,3
1,7,6
5,8,4
6,8,3
1,8,7
1,9,9
6,9,4
7,9,3
5,9,4
2,10,9
7,10,4
3,10,7
5,11,7
1,11,10
0,12,13
4,12,9
2,12,10
8,13,6
11,13,3
1,13,12
4,14,11
9,14,6
10,14,5
11,14,4
3,14,11
4,15,12
5,15,11
8,15,8
9,15,7
12,15,4
13,15,3
10,15,5
12,16,5
14,16,3
9,16,7
9,17,9
11,17,7
15,17,3
6,17,11
1,18,18
6,18,13
14,18,5
15,18,4
5,18,13
17,19,3
10,19,9
10,20,11
13,20,8
18,20,3
12,20,8
4,21,18
13,21,9
14,21,7
2,22,21
19,22,4
20,22,3
6,22,16
13,23,11
21,23,3
17,23,6
16,24,9
20,24,5
22,24,3
4,24,20
20,25,5
4,26,23
21,26,6
22,26,5
23,26,4
18,26,8
2,27,26
4,27,24
13,27,15
16,27,12
18,27,10
25,27,3
1,27,26
7,28,22
18,28,11
24,28,5
26,28,3
12,28,16
16,29,14
25,29,5
0,29,29
22,30,9
26,30,5
27,30,4
18,30,12
4,31,28
26,31,6
28,31,4
21,31,10
10,32,23
23,32,10
14,32,18
28,33,6
30,33,4
11,33,22
21,34,14
8,34,26
20,35,16
22,35,14
28,35,8
31,35,5
33,35,3
18,35,17
6,36,31
20,36,17
32,36,5
34,36,3
25,36,11
8,37,30
11,37,27
33,37,5
34,37,4
10,37,27
6,38,33
16,38,23
23,38,16
34,38,5
36,38,3
32,38,6
1,39,39
6,39,34
16,39,24
35,39,5
17,39,22
25,40,15
16,41,26
39,41,3
7,41,34
29,42,14
31,42,12
37,42,6
9,42,33
8,43,36
37,43,7
41,43,3
18,43,25
26,44,19
38,44,7
42,44,3
4,44,40
21,45,25
5,45,40
4,46,43
21,46,26
23,46,24
32,46,15
43,46,4
39,46,7
17,47,31
27,47,21
35,47,13
39,47,9
45,47,3
7,47,40
11,48,38
42,48,7
22,48,26
36,49,14
44,49,6
46,49,4
12,49,37
13,50,38
31,50,20
38,50,13
41,50,10
3,50,47
25,51,27
42,51,10
49,51,3
22,51,29
8,52,45
14,52,39
42,52,11
46,52,7
47,52,6
3,52,49
14,53,40
48,53,6
51,53,2
29,54,26
38,54,17
51,54,4
8,54,46
14,55,42
15,55,41
42,55,14
45,55,11
25,55,30
10,56,47
44,56,13
46,56,11
51,56,6
54,56,3
45,56,11
38,57,20
47,57,11
52,57,6
55,57,3
51,57,6
37,58,22
53,58,6
54,58,5
56,58,3
29,58,29
15,59,45
27,59,33
54,59,5
47,60,14
50,60,11
52,60,9
54,60,7
56,60,5
57,60,4
58,60,3
37,60,23
51,61,11
58,61,4
59,61,2
30,62,33
41,62,22
42,62,21
46,62,17
51,62,12
54,62,9
17,62,45
46,63,18
53,63,11
58,63,6
61,63,3
47,63,16
37,64,28
39,64,26
53,64,11
47,65,19
63,65,3
34,65,31
48,66,19
55,66,12
64,66,3
13,66,53
37,67,31
50,67,18
58,67,10
48,67,19
25,68,44
64,68,5
46,68,22
0,69,70
43,69,27
50,69,20
54,69,16
57,69,13
60,69,10
64,69,6
66,69,3
9,70,62
39,70,32
60,70,11
62,70,9
63,70,8
18,70,52
18,71,54
20,71,52
40,71,32
49,71,23
62,71,10
68,71,4
69,71,3
37,71,34
68,72,5
18,72,54
14,73,60
31,73,43
68,73,6
23,73,50
71,74,4
72,74,3
9,74,65
49,75,27
45,75,30
50,76,27
59,76,18
72,76,5
74,76,3
25,76,51
22,77,56
42,77,36
57,77,21
74,77,4
75,77,3
35,77,42
13,78,66
24,78,55
70,78,9
73,78,6
75,78,4
76,78,3
67,78,11
6,79,74
72,79,8
77,79,3
46,79,33
23,80,58
46,80,35
76,80,5
77,80,4
78,80,3
74,80,6
43,81,39
58,81,24
78,81,4
79,81,3
60,81,21
13,82,70
25,82,58
36,82,47
79,82,4
15,82,67
1,83,83
61,83,23
76,83,8
80,83,4
81,83,3
49,83,34
37,84,48
51,84,34
65,84,20
2,84,82
22,85,64
46,85,40
55,85,31
74,85,12
77,85,9
80,85,6
15,85,70
49,86,38
57,86,30
61,86,26
82,86,5
84,86,3
34,86,52
61,87,27
75,87,13
4,87,83
18,88,71
55,88,34
70,88,19
75,88,14
83,88,6
85,88,4
86,88,3
52,88,36
66,89,24
80,89,10
77,89,12
35,90,56
60,90,31
82,90,9
85,90,6
14,90,76
4,91,88
11,91,81
33,91,59
47,91,45
67,91,25
89,91,3
60,91,31
13,92,80
33,92,60
67,92,26
73,92,20
76,92,17
81,92,12
88,92,5
90,92,3
55,92,37
5,93,89
24,93,70
65,93,29
70,93,24
88,93,6
91,93,3
35,93,58
18,94,77
75,94,20
89,94,6
91,94,4
50,94,44
9,95,87
16,95,80
44,95,52
62,95,34
88,95,8
60,95,35
48,96,49
69,96,28
87,96,10
90,96,7
37,96,59
48,97,50
60,97,38
61,97,37
73,97,25
92,97,6
94,97,4
95,97,3
10,97,87
83,98,16
86,98,13
95,98,4
43,98,55
67,99,33
54,99,45
39,100,62
45,100,56
97,100,4
98,100,3
53,100,47
64,101,38
79,101,23
88,101,14
99,101,3
0,101,101
64,102,39
85,102,18
90,102,13
91,102,12
93,102,10
95,102,8
99,102,4
18,102,84
18,103,86
69,103,35
89,103,15
99,103,5
101,103,3
91,103,12
42,104,63
79,104,26
90,104,15
91,104,14
98,104,7
101,104,4
37,104,67
53,105,53
101,105,5
3,105,102
3,106,104
54,106,53
75,106,32
102,106,5
39,106,67
6,107,102
18,107,90
19,107,89
47,107,61
104,107,4
105,107,3
55,107,52
62,108,47
77,108,32
94,108,15
100,108,9
102,108,7
103,108,6
105,108,4
30,108,78
50,109,60
80,109,30
27,109,82
6,110,105
78,110,33
87,110,24
107,110,4
108,110,3
48,110,62
75,111,37
86,111,26
88,111,24
103,111,9
105,111,7
67,111,44
37,112,76
85,112,28
103,112,10
84,112,28
39,113,75
102,113,12
104,113,10
108,113,6
17,113,96
45,114,70
101,114,14
102,114,13
76,114,38
6,115,110
56,115,60
80,115,36
85,115,31
95,115,21
101,115,15
107,115,9
111,115,5
16,115,99
10,116,107
78,116,39
102,116,15
108,116,9
77,116,39
24,117,94
27,117,91
107,117,11
77,117,40
91,118,28
96,118,23
99,118,20
101,118,18
112,118,7
109,118,9
72,119,48
89,119,31
93,119,27
95,119,25
112,119,8
116,119,4
77,119,42
8,120,113
42,120,79
108,120,13
116,120,5
23,120,97
66,121,56
96,121,26
118,121,4
119,121,3
93,121,28
53,122,70
100,122,23
115,122,8
118,122,5
120,122,3
41,122,81
39,123,85
53,123,71
117,123,7
120,123,4
121,123,3
71,123,52
119,124,6
122,124,3
43,124,81
69,125,57
92,125,34
108,125,18
116,125,10
33,125,92
115,126,12
120,126,7
121,126,6
123,126,4
49,126,77
4,127,124
116,127,12
2,127,125
101,128,28
126,128,3
67,128,61
14,129,116
66,129,64
105,129,25
117,129,13
123,129,7
126,129,4
127,129,3
33,129,96
71,130,60
105,130,26
119,130,12
124,130,7
125,130,6
35,130,95
18,131,114
104,131,28
124,131,8
127,131,5
129,131,3
49,131,82
60,132,73
81,132,52
98,132,35
109,132,24
121,132,12
129,132,4
130,132,3
126,132,6
54,133,80
121,133,13
123,133,11
131,133,3
103,133,30
49,134,86
118,134,17
126,134,9
128,134,7
103,134,31
62,135,74
69,135,67
70,135,65
46,136,91
64,136,73
66,136,71
99,136,38
112,136,25
122,136,15
124,136,13
134,136,3
116,136,20
30,137,108
38,137,100
76,137,62
134,137,4
118,137,19
49,138,90
57,138,82
133,138,6
102,138,36
59,139,81
133,139,7
136,139,4
7,139,132
2,140,139
51,140,90
102,140,39
128,140,13
137,140,4
138,140,3
10,140,130
25,141,117
34,141,108
130,141,12
133,141,9
137,141,5
138,141,4
139,141,3
54,141,87
5,142,138
116,142,27
139,142,4
140,142,3
136,142,6
133,143,11
61,143,82
26,144,119
111,144,34
130,144,15
138,144,7
141,144,4
56,144,88
75,145,71
95,145,51
115,145,31
131,145,15
137,145,9
141,145,5
101,145,44
24,146,123
98,146,49
132,146,15
134,146,13
139,146,8
142,146,5
143,146,4
144,146,3
46,146,100
101,147,47
102,147,46
130,147,18
140,147,8
143,147,5
84,147,63
32,148,117
139,148,10
140,148,9
45,148,103
118,149,32
145,149,5
147,149,3
119,149,30
0,150,151
13,150,138
36,150,115
142,150,9
144,150,7
113,150,37
21,151,131
114,151,38
134,151,18
136,151,16
140,151,12
149,151,3
106,151,45
134,152,19
141,152,12
147,152,6
150,152,3
120,152,32
5,153,149
135,153,19
138,153,16
139,153,15
140,153,14
148,153,6
112,153,41
73,154,82
86,154,69
128,154,27
148,154,7
152,154,3
108,154,46
9,155,147
31,155,125
145,155,11
151,155,5
102,155,53
49,156,108
130,156,27
151,156,6
154,156,3
40,156,116
47,157,111
50,157,108
126,157,32
151,157,7
153,157,5
155,157,3
112,157,45
141,158,18
142,158,17
153,158,6
154,158,5
155,158,4
35,158,123
48,159,112
100,159,60
132,159,28
154,159,6
157,159,3
20,159,139
46,160,115
124,160,37
144,160,17
147,160,14
149,160,12
146,160,14
5,161,157
86,161,76
155,161,7
69,161,92
96,162,67
119,162,44
151,162,12
157,162,6
159,162,4
160,162,3
19,162,143
76,163,88
92,163,72
138,163,26
149,163,15
160,163,4
105,163,58
12,164,153
55,164,110
123,164,42
155,164,10
162,164,3
146,164,18
78,165,88
141,165,25
142,165,24
152,165,14
160,165,6
4,165,161
10,166,157
96,166,71
158,166,9
162,166,5
164,166,3
74,166,92
128,167,40
153,167,15
160,167,8
162,167,6
28,167,139
143,168,26
160,168,9
37,168,131
30,169,140
119,169,51
126,169,44
137,169,33
158,169,12
161,169,9
166,169,4
167,169,3
84,169,85
58,170,113
113,170,58
136,170,35
145,170,26
135,170,35
141,171,31
153,171,19
169,171,3
27,171,144
97,172,76
149,172,24
166,172,7
167,172,6
169,172,4
170,172,3
41,172,131
0,173,174
45,173,129
125,173,49
134,173,40
140,173,34
142,173,32
167,173,7
170,173,4
171,173,3
59,173,114
121,174,54
159,174,16
161,174,14
172,174,3
48,174,126
155,175,21
168,175,8
173,175,3
124,175,51
165,176,12
90,176,86
175,177,3
35,177,142
90,178,89
134,178,45
150,178,29
162,178,17
172,178,7
174,178,5
175,178,4
123,178,55
81,179,99
113,179,67
147,179,33
166,179,14
169,179,11
176,179,4
177,179,3
39,179,140
31,180,150
58,180,123
128,180,53
177,180,4
178,180,3
70,180,110
160,181,22
169,181,13
170,181,12
179,181,3
40,181,141
13,182,170
86,182,97
88,182,95
126,182,57
179,182,4
137,182,45
130,183,54
158,183,26
179,183,5
181,183,3
57,183,126
152,184,33
182,184,3
69,184,115
51,185,135
163,185,23
164,185,22
174,185,12
182,185,4
6,185,179
184,186,3
183,186,3
97,187,91
100,187,88
174,187,14
181,187,7
60,187,127
71,188,118
99,188,90
106,188,83
173,188,16
175,188,14
178,188,11
179,188,10
181,188,8
185,188,4
35,188,153
117,189,73
159,189,31
169,189,21
175,189,15
185,189,5
186,189,4
187,189,3
130,189,59
149,190,42
157,190,34
180,190,11
186,190,5
109,190,81
104,191,88
176,191,16
187,191,5
188,191,4
127,191,64
189,192,4
178,192,14
72,193,122
88,193,106
159,193,35
182,193,12
184,193,10
161,193,32
154,194,41
161,194,34
165,194,30
192,194,3
177,194,17
48,195,148
131,195,65
159,195,37
169,195,27
177,195,19
189,195,7
144,195,51
110,196,87
140,196,57
187,196,10
192,196,5
193,196,4
164,196,32
11,197,187
98,197,100
152,197,46
153,197,45
178,197,20
181,197,17
184,197,14
194,197,4
195,197,3
91,197,106
48,198,151
153,198,46
180,198,19
181,198,18
187,198,12
194,198,5
195,198,4
1,198,197
98,199,102
188,199,12
197,199,3
96,199,103
134,200,67
143,200,58
179,200,22
138,200,62
38,201,164
178,201,24
192,201,10
198,201,4
199,201,3
112,201,89
10,202,193
184,202,19
188,202,15
200,202,3
75,202,127
35,203,169
129,203,75
162,203,42
185,203,19
189,203,15
198,203,6
201,203,3
51,203,152
33,204,172
140,204,65
146,204,59
177,204,28
192,204,13
194,204,11
197,204,8
168,204,36
198,205,8
200,205,6
42,205,163
60,206,147
164,206,43
202,206,5
203,206,4
103,206,103
120,207,88
143,207,65
188,207,20
195,207,13
203,207,5
205,207,3
94,207,113
124,208,85
141,208,68
186,208,23
206,208,3
46,208,162
207,209,3
47,209,162
202,210,9
207,210,4
208,210,3
147,210,63
130,211,82
165,211,47
205,211,7
209,211,3
61,211,150
85,212,128
130,212,83
157,212,56
204,212,9
209,212,4
82,212,130
128,213,86
134,213,80
169,213,45
205,213,9
207,213,7
209,213,5
175,213,38
190,214,25
193,214,22
198,214,17
208,214,7
52,214,162
167,215,49
207,215,9
208,215,8
184,215,31
119,216,98
112,216,104
92,217,126
215,217,3
120,217,97
112,218,107
153,218,66
206,218,13
216,218,3
210,218,8
68,219,152
214,219,6
216,219,4
217,219,3
209,219,10
45,220,176
76,220,145
156,220,65
180,220,41
206,220,15
211,220,10
212,220,9
215,220,6
217,220,4
179,220,41
130,221,92
210,221,12
215,221,7
219,221,3
142,221,79
78,222,145
96,222,127
153,222,70
166,222,57
217,222,6
95,222,127
117,223,107
169,223,55
184,223,40
186,223,38
216,223,8
189,223,34
182,224,43
217,224,8
222,224,3
158,224,66
122,225,104
162,225,64
216,225,10
219,225,7
223,225,3
207,225,18
132,226,95
196,226,31
218,226,9
7,226,219
59,227,169
96,227,132
179,227,49
224,227,4
225,227,3
157,227,70
220,228,9
224,228,5
226,228,3
200,228,28
30,229,200
62,229,168
200,229,30
226,229,4
227,229,3
83,229,146
108,230,123
139,230,92
181,230,50
213,230,18
227,230,4
95,230,135
4,231,228
49,231,183
133,231,99
216,231,16
228,231,4
229,231,3
210,231,21
47,232,186
180,232,53
201,232,32
204,232,29
225,232,8
228,232,5
229,232,4
230,232,3
48,232,184
219,233,15
225,233,9
229,233,5
231,233,3
46,233,187
163,234,72
226,234,9
230,234,5
232,234,3
70,234,164
197,235,39
210,235,26
232,235,4
40,235,195
89,236,148
131,236,106
187,236,50
190,236,47
205,236,32
211,236,26
186,236,50
31,237,207
227,237,11
233,237,5
234,237,4
235,237,3
156,237,81
21,238,218
26,238,213
72,238,167
144,238,95
154,238,85
202,238,37
205,238,34
20,238,218
172,239,68
182,239,58
216,239,24
225,239,15
227,239,13
228,239,12
143,239,96
54,240,187
150,240,91
157,240,84
188,240,53
200,240,41
213,240,28
233,240,8
238,240,3
215,240,25
112,241,130
170,241,72
189,241,53
196,241,46
229,241,13
231,241,11
233,241,9
236,241,6
237,241,5
224,241,17
155,242,88
159,242,84
224,242,19
240,242,3
182,242,60
66,243,178
92,243,152
173,243,71
236,243,8
240,243,4
210,243,33
96,244,149
126,244,119
161,244,84
206,244,39
229,244,16
239,244,6
242,244,3
100,244,144
51,245,195
174,245,72
181,245,65
2,245,243
152,246,95
217,246,30
237,246,10
243,246,4
244,246,3
10,246,236
84,247,164
106,247,142
197,247,51
237,247,11
240,247,8
245,247,3
194,247,53
147,248,102
211,248,38
228,248,21
236,248,13
238,248,11
243,248,6
246,248,3
182,248,66
159,249,91
198,249,52
218,249,32
226,249,24
243,249,7
247,249,3
212,249,37
178,250,73
240,250,11
246,250,5
140,250,110
165,251,87
230,251,22
247,251,5
248,251,4
41,251,210
128,252,125
189,252,64
240,252,13
241,252,12
250,252,3
52,252,200
46,253,208
151,253,103
230,253,24
244,253,10
251,253,3
26,253,227
50,254,205
127,254,128
244,254,11
251,254,4
252,254,3
12,254,242
120,255,136
238,255,18
246,255,10
249,255,7
250,255,6
19,255,236
110,256,147
124,256,133
225,256,32
229,256,28
250,256,7
253,256,4
135,256,121
237,257,21
247,257,11
252,257,6
254,257,4
255,257,3
249,257,8
88,258,171
217,258,42
223,258,36
232,258,27
254,258,5
255,258,4
202,258,56
197,259,63
205,259,55
217,259,43
244,259,16
252,259,8
255,259,5
256,259,4
257,259,3
135,259,124
71,260,190
239,260,22
253,260,8
258,260,3
31,260,229
126,261,136
209,261,53
234,261,28
259,261,3
201,261,60
174,262,89
178,262,85
139,262,123
9,263,255
235,263,29
237,263,27
245,263,19
247,263,17
78,263,185
105,264,160
190,264,75
257,264,8
258,264,7
260,264,5
36,264,228
163,265,103
191,265,75
260,265,6
79,265,186
139,266,128
154,266,113
185,266,82
251,266,16
254,266,13
261,266,6
264,266,3
186,266,80
259,267,9
264,267,4
265,267,3
210,267,57
235,268,34
244,268,25
132,268,136
189,269,81
241,269,29
260,269,10
261,269,9
265,269,5
266,269,4
267,269,3
5,269,264
149,270,122
174,270,97
251,270,20
255,270,16
264,270,7
267,270,4
199,270,71
50,271,222
123,271,149
259,271,13
262,271,10
242,271,29
239,272,34
258,272,15
267,272,6
268,272,5
270,272,3
91,272,181
208,273,66
270,273,4
151,273,122
203,274,72
218,274,57
232,274,43
272,274,3
73,274,201
84,275,192
111,275,165
236,275,40
265,275,11
74,275,201
61,276,216
248,276,29
249,276,28
266,276,11
268,276,9
149,276,127
50,277,228
106,277,172
207,277,71
216,277,62
253,277,25
262,277,16
265,277,13
266,277,12
269,277,9
274,277,4
16,277,261
157,278,122
185,278,94
186,278,93
256,278,23
261,278,18
270,278,9
272,278,7
275,278,4
276,278,3
238,278,40
41,279,239
114,279,166
156,279,124
255,279,25
277,279,3
122,279,157
265,280,16
277,280,4
91,280,189
203,281,79
213,281,69
269,281,13
74,281,207
3,282,280
167,282,116
270,282,13
280,282,3
242,282,40
28,283,256
148,283,136
202,283,82
206,283,78
222,283,62
228,283,56
265,283,19
276,283,8
279,283,5
204,283,79
260,284,25
275,284,10
281,284,4
215,284,69
196,285,90
207,285,79
242,285,44
278,285,8
34,285,251
84,286,203
273,286,14
276,286,11
278,286,9
284,286,3
133,286,153
234,287,54
262,287,26
277,287,11
280,287,8
285,287,3
170,287,117
92,288,197
233,288,56
243,288,46
277,288,12
284,288,5
285,288,4
234,288,54
78,289,212
147,289,143
257,289,33
283,289,7
285,289,5
286,289,4
110,289,179
17,290,274
146,290,145
287,290,4
288,290,3
278,290,12
207,291,85
269,291,23
288,291,4
175,291,116
101,292,192
106,292,187
164,292,129
175,292,118
189,292,104
241,292,52
278,292,15
281,292,12
140,292,152
135,293,159
285,293,9
287,293,7
291,293,3
158,293,135
10,294,285
65,294,230
188,294,107
248,294,47
258,294,37
279,294,16
287,294,8
291,294,4
270,294,24
72,295,224
93,295,203
241,295,55
267,295,29
282,295,14
290,295,6
292,295,4
293,295,3
57,295,238
272,296,25
277,296,20
284,296,13
293,296,4
294,296,3
0,296,296
68,297,230
178,297,120
200,297,98
226,297,72
240,297,58
269,297,29
281,297,17
282,297,16
287,297,11
288,297,10
295,297,3
122,297,175
287,298,12
288,298,11
291,298,8
296,298,3
91,298,207
83,299,217
235,299,65
242,299,58
291,299,9
296,299,4
297,299,3
221,299,78
130,300,171
153,300,148
252,300,49
263,300,38
270,300,31
297,300,4
225,300,75
272,301,30
290,301,12
292,301,10
293,301,9
193,301,108
145,302,158
232,302,71
270,302,33
296,302,7
297,302,6
298,302,5
203,302,99
129,303,175
210,303,94
237,303,67
256,303,48
280,303,24
99,303,204
147,304,158
286,304,19
288,304,17
302,304,3
140,304,164
69,305,237
278,305,28
296,305,10
300,305,6
302,305,4
303,305,3
238,305,67
222,306,85
283,306,24
291,306,16
295,306,12
298,306,9
301,306,6
302,306,5
304,306,3
297,306,9
158,307,150
186,307,122
302,307,6
86,307,221
118,308,191
295,308,14
305,308,4
95,308,213
69,309,241
146,309,164
289,309,21
292,309,18
304,309,6
305,309,5
306,309,4
118,309,191
29,310,282
258,310,53
269,310,42
284,310,27
290,310,21
305,310,6
308,310,3
179,310,131
189,311,123
228,311,84
303,311,9
308,311,4
309,311,3
125,311,186
43,312,270
206,312,107
210,312,103
255,312,58
276,312,37
278,312,35
300,312,13
309,312,4
310,312,3
155,312,157
271,313,43
294,313,20
295,313,19
303,313,11
64,313,249
55,314,260
152,314,163
215,314,100
281,314,34
296,314,19
309,314,6
310,314,5
264,314,50
12,315,304
113,315,203
287,315,29
297,315,19
299,315,17
34,315,281
247,316,70
309,316,8
310,316,7
313,316,4
314,316,3
292,316,24
215,317,103
249,317,69
311,317,7
315,317,3
84,317,233
231,318,88
262,318,57
315,318,4
60,318,258
256,319,64
317,319,3
222,319,97
149,320,172
270,320,51
289,320,32
291,320,30
297,320,24
305,320,16
312,320,9
318,320,3
178,320,142
264,321,58
269,321,53
296,321,26
311,321,11
319,321,3
154,321,167
135,322,188
235,322,88
301,322,22
315,322,8
320,322,3
263,322,59
18,323,306
65,323,259
280,323,44
292,323,32
297,323,27
312,323,12
316,323,8
296,323,27
29,324,296
202,324,123
265,324,60
295,324,30
315,324,10
312,324,12
288,325,38
291,325,35
317,325,9
323,325,3
186,325,139
58,326,269
89,326,238
145,326,182
256,326,71
269,326,58
320,326,7
321,326,6
322,326,5
323,326,4
324,326,3
56,326,270
109,327,219
252,327,76
267,327,61
319,327,9
324,327,4
325,327,3
36,327,291
51,328,278
231,328,98
317,328,12
322,328,7
324,328,5
325,328,4
288,328,40
283,329,47
314,329,16
316,329,14
320,329,10
323,329,7
324,329,6
325,329,5
327,329,3
38,329,291
174,330,157
261,330,70
309,330,22
317,330,14
326,330,5
328,330,3
282,330,48
201,331,131
203,331,129
295,331,37
327,331,5
329,331,3
94,331,237
115,332,218
148,332,185
299,332,34
325,332,8
328,332,5
329,332,4
330,332,3
117,332,215
145,333,189
250,333,84
309,333,25
323,333,11
325,333,9
326,333,8
327,333,7
268,333,65
25,334,310
146,334,189
322,334,13
330,334,5
332,334,3
283,334,51
209,335,127
328,335,8
329,335,7
13,335,322
127,336,210
221,336,116
325,336,12
330,336,7
332,336,5
334,336,3
15,336,321
114,337,224
313,337,25
317,337,21
334,337,4
335,337,3
312,337,25
59,338,280
162,338,177
227,338,112
294,338,45
303,338,36
309,338,30
311,338,28
334,338,4
94,339,246
159,339,181
279,339,61
336,339,4
293,339,46
139,340,202
238,340,103
338,340,3
314,340,26
103,341,239
199,341,143
228,341,114
302,341,40
309,341,33
323,341,19
327,341,15
339,341,3
275,341,66
303,342,40
331,342,12
338,342,5
340,342,3
288,342,54
104,343,240
193,343,151
300,343,44
335,343,9
339,343,5
340,343,4
341,343,3
84,343,259
66,344,279
140,344,205
143,344,202
296,344,49
314,344,31
338,344,7
342,344,3
162,344,182
219,345,127
313,345,33
322,345,24
331,345,15
338,345,8
324,345,21
188,346,159
251,346,96
335,346,12
343,346,4
125,346,221
299,347,49
306,347,42
324,347,24
330,347,18
341,347,7
342,347,6
343,347,5
344,347,4
205,347,142
231,348,118
261,348,88
275,348,74
307,348,42
326,348,23
341,348,8
65,348,283
46,349,304
238,349,112
239,349,111
318,349,32
319,349,31
332,349,18
333,349,17
343,349,7
346,349,4
53,349,296
343,350,8
347,350,4
348,350,3
112,350,238
62,351,290
133,351,219
142,351,210
213,351,139
288,351,64
343,351,9
349,351,3
110,351,241
330,352,23
345,352,8
350,352,3
118,352,234
263,353,91
301,353,53
326,353,28
337,353,17
350,353,4
351,353,3
158,353,195
105,354,250
309,354,46
326,354,29
341,354,14
352,354,3
36,354,318
307,355,49
341,355,15
352,355,4
55,355,300
71,356,286
158,356,199
211,356,146
230,356,127
297,356,60
304,356,53
321,356,36
345,356,12
353,356,4
354,356,3
78,356,278
290,357,68
291,357,67
312,357,46
344,357,14
346,357,12
348,357,10
352,357,6
95,357,262
353,358,6
356,358,3
298,358,60
216,359,144
282,359,78
336,359,24
356,359,4
357,359,3
261,359,98
48,360,313
241,360,120
300,360,61
326,360,35
352,360,9
354,360,7
355,360,6
356,360,5
358,360,3
242,360,118
349,361,13
356,361,6
358,361,4
359,361,3
180,361,181
191,362,172
247,362,116
349,362,14
356,362,7
357,362,6
358,362,5
359,362,4
360,362,3
71,362,291
286,363,78
290,363,74
293,363,71
308,363,56
339,363,25
350,363,14
359,363,5
360,363,4
120,363,243
327,364,38
329,364,36
351,364,14
361,364,4
57,364,307
8,365,358
213,365,153
280,365,86
299,365,67
360,365,6
361,365,5
362,365,4
83,365,282
17,366,350
273,366,94
328,366,39
362,366,5
85,366,281
19,367,349
45,367,323
219,367,149
259,367,109
354,367,14
362,367,6
365,367,3
306,367,61
25,368,344
98,368,271
352,368,17
360,368,9
362,368,7
366,368,3
280,368,88
216,369,154
314,369,56
358,369,12
365,369,5
349,369,20
87,370,284
173,370,198
303,370,68
323,370,48
338,370,33
8,370,362
228,371,144
306,371,66
325,371,47
360,371,12
366,371,6
369,371,3
210,371,161
313,372,60
337,372,36
358,372,15
369,372,4
361,372,11
176,373,198
258,373,116
302,373,72
316,373,58
356,373,18
358,373,16
361,373,13
362,373,12
368,373,6
370,373,4
371,373,3
315,373,58
143,374,232
234,374,141
353,374,22
32,374,342
230,375,146
367,375,9
368,375,8
122,375,253
372,376,5
84,376,292
102,377,276
331,377,47
362,377,16
374,377,4
375,377,3
227,377,150
138,378,241
261,378,118
317,378,62
322,378,57
363,378,16
367,378,12
368,378,11
372,378,7
375,378,4
252,378,126
80,379,300
237,379,143
330,379,50
366,379,14
369,379,11
259,379,120
311,380,70
374,380,7
378,380,3
368,380,12
78,381,304
171,381,211
231,381,151
325,381,57
359,381,23
182,381,199
368,382,15
375,382,8
58,382,324
362,383,22
374,383,10
380,383,4
231,383,152
128,384,257
345,384,40
355,384,30
380,384,5
381,384,4
382,384,3
202,384,182
227,385,159
380,385,6
381,385,5
213,385,172
379,386,8
380,386,7
384,386,3
265,386,121
292,387,96
300,387,88
342,387,46
381,387,7
385,387,3
45,387,342
251,388,138
316,388,73
330,388,59
333,388,56
378,388,11
383,388,6
311,388,77
376,389,14
381,389,9
387,389,3
224,389,165
90,390,301
288,390,103
324,390,67
211,390,179
97,391,295
376,391,16
388,391,4
213,391,178
2,392,391
222,392,171
291,392,102
342,392,51
363,392,30
390,392,3
241,392,151
58,393,336
311,393,83
374,393,20
391,393,3
227,393,166
198,394,197
340,394,55
370,394,25
166,394,228
131,395,265
196,395,200
210,395,186
385,395,11
386,395,10
388,395,8
391,395,5
393,395,3
316,395,79
254,396,143
292,396,105
352,396,45
394,396,3
385,396,11
68,397,330
169,397,229
392,397,6
395,397,3
167,397,230
199,398,200
302,398,97
317,398,82
384,398,15
394,398,5
396,398,3
334,398,64
254,399,146
322,399,78
335,399,65
364,399,36
381,399,19
396,399,4
397,399,3
360,399,39
154,400,247
391,400,10
393,400,8
394,400,7
395,400,6
397,400,4
252,400,148
114,401,288
134,401,268
208,401,194
245,401,157
318,401,84
319,401,83
343,401,59
394,401,8
362,401,39
339,402,64
370,402,33
355,402,47
153,403,251
273,403,131
348,403,56
374,403,30
385,403,19
399,403,5
397,403,6
242,404,163
332,404,73
333,404,72
381,404,24
385,404,20
400,404,5
16,404,388
369,405,37
383,405,23
402,405,4
210,405,195
177,406,230
385,406,22
392,406,15
404,406,3
301,406,105
68,407,340
297,407,111
337,407,71
351,407,57
392,407,16
394,407,14
398,407,10
216,407,191
132,408,277
336,408,73
393,408,16
405,408,4
406,408,3
20,408,388
147,409,263
216,409,194
296,409,114
397,409,13
404,409,6
407,409,3
297,409,112
100,410,311
134,410,277
265,410,146
336,410,75
348,410,63
407,410,4
158,410,252
251,411,161
324,411,88
386,411,26
394,411,18
336,411,75
8,412,405
160,412,253
137,412,275
341,413,73
386,413,28
401,413,12
285,414,130
323,414,92
405,414,10
410,414,5
411,414,4
412,414,3
300,414,114
395,415,21
396,415,20
403,415,13
154,415,261
298,416,119
357,416,60
371,416,46
374,416,43
385,416,32
408,416,9
353,416,63
62,417,356
377,417,41
392,417,26
400,417,18
409,417,9
413,417,5
414,417,3
67,418,352
98,418,321
277,418,142
327,418,92
341,418,78
397,418,22
406,418,13
408,418,11
412,418,7
50,418,368
117,419,303
236,419,184
300,419,120
303,419,117
360,419,60
393,419,27
395,419,25
399,419,21
411,419,9
414,419,6
417,419,3
134,419,285
364,420,57
382,420,39
384,420,37
411,420,10
417,420,4
162,420,258
287,421,135
322,421,100
360,421,62
416,421,6
419,421,3
141,421,280
377,422,46
384,422,39
400,422,23
404,422,19
410,422,13
419,422,4
420,422,3
43,422,379
366,423,58
404,423,20
407,423,17
411,423,13
420,423,4
326,423,97
173,424,252
218,424,207
277,424,148
284,424,141
387,424,38
409,424,16
415,424,10
422,424,3
177,424,247
309,425,117
392,425,34
404,425,22
413,425,13
419,425,7
18,425,407
168,426,259
285,426,142
409,426,18
414,426,13
415,426,12
422,426,5
424,426,3
0,426,426
55,427,373
72,427,356
300,427,128
356,427,72
380,427,48
404,427,24
413,427,15
424,427,4
357,427,70
400,428,29
409,428,20
411,428,18
417,428,12
418,428,11
424,428,5
407,428,21
380,429,50
403,429,27
414,429,16
423,429,7
242,429,187
199,430,232
207,430,224
224,430,207
339,430,92
394,430,37
408,430,23
412,430,19
425,430,6
428,430,3
197,430,233
130,431,302
361,431,71
411,431,21
414,431,18
421,431,11
422,431,10
426,431,6
429,431,3
387,431,44
412,432,21
419,432,14
429,432,4
349,432,83
222,433,212
264,433,170
393,433,41
412,433,22
423,433,11
431,433,3
56,433,377
40,434,395
307,434,128
411,434,24
421,434,14
431,434,4
432,434,3
363,434,71
5,435,431
26,435,410
105,435,331
333,435,103
409,435,27
431,435,5
432,435,4
221,435,214
47,436,390
321,436,116
376,436,61
426,436,11
427,436,10
431,436,6
432,436,5
243,436,193
126,437,312
260,437,178
291,437,147
411,437,27
417,437,21
434,437,4
395,437,42
208,438,231
217,438,222
307,438,132
368,438,71
390,438,49
410,438,29
424,438,15
430,438,9
427,438,11
392,439,48
395,439,45
415,439,25
420,439,20
429,439,11
434,439,6
436,439,4
63,439,376
408,440,33
436,440,5
438,440,3
8,440,432
68,441,374
229,441,213
354,441,88
406,441,36
422,441,20
439,441,3
315,441,126
120,442,323
153,442,290
356,442,87
357,442,86
360,442,83
376,442,67
396,442,47
439,442,4
440,442,3
363,442,79
134,443,310
364,443,80
429,443,15
435,443,9
436,443,8
438,443,6
440,443,4
441,443,3
69,443,374
252,444,193
430,444,15
437,444,8
440,444,5
263,444,181
221,445,225
330,445,116
353,445,93
385,445,61
411,445,35
426,445,20
433,445,13
437,445,9
438,445,8
442,445,4
443,445,3
192,445,253
100,446,347
106,446,341
427,446,20
438,446,9
442,446,5
444,446,3
417,446,29
59,447,389
229,447,219
387,447,61
419,447,29
425,447,23
168,447,279
108,448,341
389,448,60
399,448,50
403,448,46
441,448,8
305,448,143
418,449,32
428,449,22
430,449,20
447,449,3
229,449,220
122,450,329
315,450,136
417,450,34
428,450,23
441,450,10
438,450,12
110,451,342
402,451,50
431,451,21
444,451,8
448,451,4
449,451,3
335,451,116
164,452,289
211,452,242
337,452,116
401,452,52
406,452,47
415,452,38
435,452,18
448,452,5
450,452,3
207,452,245
139,453,315
355,453,99
442,453,12
451,453,3
427,453,26
3,454,452
181,454,274
399,454,56
407,454,48
420,454,35
435,454,20
446,454,9
452,454,3
137,454,317
160,455,296
411,455,45
447,455,9
43,455,412
123,456,334
232,456,225
371,456,86
439,456,18
447,456,10
448,456,9
450,456,7
453,456,4
117,456,339
167,457,290
360,458,99
429,458,30
456,458,3
169,458,289
175,459,285
303,459,157
411,459,49
425,459,35
440,459,20
452,459,8
454,459,6
455,459,5
457,459,3
190,459,269
175,460,286
53,460,407
411,461,51
457,461,5
459,461,3
275,461,186
178,462,285
442,462,21
455,462,8
457,462,6
458,462,5
340,462,122
165,463,299
437,463,27
447,463,17
451,463,13
460,463,4
461,463,3
281,463,182
68,464,397
455,464,10
458,464,7
462,464,3
287,464,177
52,465,414
144,465,322
197,465,269
214,465,252
295,465,171
428,465,38
446,465,20
461,465,5
463,465,3
132,465,333
390,466,77
438,466,29
463,466,4
464,466,3
131,466,335
434,467,34
435,467,33
449,467,19
464,467,4
465,467,3
341,467,126
229,468,240
377,468,92
436,468,33
457,468,12
460,468,9
462,468,7
463,468,6
147,468,321
450,469,20
461,469,9
462,469,8
465,469,5
467,469,3
408,469,61
66,470,405
137,470,334
377,470,94
420,470,51
450,470,21
456,470,15
461,470,10
467,470,4
445,470,25
170,471,302
463,471,9
466,471,6
208,471,263
76,472,397
349,472,124
383,472,90
430,472,43
435,472,38
455,472,18
457,472,16
461,472,12
463,472,10
466,472,7
468,472,5
469,472,4
267,472,205
306,473,168
367,473,107
455,473,19
468,473,6
417,473,56
12,474,463
455,474,20
459,474,16
471,474,4
53,474,421
237,475,239
464,475,12
466,475,10
473,475,3
422,475,53
335,476,142
420,476,57
421,476,56
454,476,23
468,476,9
470,476,7
473,476,4
474,476,3
38,476,438
125,477,353
164,477,314
225,477,253
326,477,152
441,477,37
447,477,31
471,477,7
475,477,3
132,477,345
278,478,201
367,478,112
474,478,5
475,478,4
476,478,3
158,478,320
458,479,22
465,479,15
474,479,6
476,479,4
362,479,117
353,480,128
450,480,31
460,480,21
472,480,9
478,480,3
76,480,404
467,481,15
471,481,11
475,481,7
478,481,4
479,481,3
132,481,349
287,482,196
346,482,137
452,482,31
458,482,25
459,482,24
468,482,15
477,482,6
479,482,4
480,482,3
13,482,469
259,483,225
478,483,6
479,483,5
480,483,4
325,483,158
424,484,61
481,484,4
482,484,3
83,484,401
34,485,452
222,485,264
365,485,121
400,485,86
426,485,60
467,485,19
470,485,16
481,485,5
483,485,3
373,485,112
401,486,86
457,486,30
473,486,14
483,486,4
90,486,396
469,487,19
479,487,9
484,487,4
485,487,3
183,487,304
193,488,296
205,488,284
226,488,263
280,488,209
451,488,38
479,488,10
482,488,7
427,488,61
152,489,338
230,489,260
371,489,119
411,489,79
421,489,69
468,489,22
478,489,12
485,489,5
487,489,3
305,489,184
301,490,190
385,490,105
15,491,477
384,491,108
392,491,100
393,491,99
448,491,44
465,491,27
472,491,20
481,491,11
486,491,6
487,491,5
488,491,4
226,491,265
172,492,321
252,492,241
408,492,85
451,492,42
477,492,16
484,492,9
485,492,8
490,492,3
475,492,17
324,493,170
345,493,149
463,493,31
409,493,84
177,494,318
353,494,142
420,494,75
482,494,13
484,494,11
486,494,9
492,494,3
150,494,344
400,495,96
401,495,95
474,495,22
476,495,20
484,495,12
485,495,11
492,495,4
493,495,3
130,495,365
177,496,320
218,496,279
380,496,117
466,496,31
120,496,376
415,497,83
459,497,39
488,497,10
494,497,4
495,497,3
215,497,282
397,498,102
419,498,80
421,498,78
489,498,10
492,498,7
494,498,5
25,498,473
420,499,80
424,499,76
474,499,26
371,499,128
20,500,481
302,500,199
419,500,82
450,500,51
477,500,24
483,500,18
486,500,15
498,500,3
208,500,292
266,501,236
454,501,48
481,501,21
483,501,19
496,501,6
499,501,3
444,501,57
322,502,181
397,502,106
410,502,93
459,502,44
483,502,20
487,502,16
494,502,9
497,502,6
500,502,3
32,502,470
235,503,269
322,503,182
495,503,9
497,503,7
498,503,6
499,503,5
501,503,3
312,503,191
189,504,316
248,504,257
365,504,140
388,504,117
160,504,344
111,505,395
458,505,48
479,505,27
491,505,15
497,505,9
503,505,3
211,505,294
130,506,377
478,506,29
479,506,28
481,506,26
486,506,21
494,506,13
499,506,8
503,506,4
504,506,3
255,506,251
211,507,297
251,507,257
418,507,90
460,507,48
500,507,8
503,507,5
504,507,4
277,507,230
266,508,243
494,508,15
495,508,14
504,508,5
183,508,325
361,509,149
442,509,68
462,509,48
465,509,45
504,509,6
433,509,76
277,510,234
461,510,50
497,510,14
469,510,41
333,511,179
413,511,99
429,511,83
491,511,21
496,511,16
507,511,5
293,511,218
53,512,460
65,512,448
377,512,136
425,512,88
486,512,27
489,512,24
495,512,18
499,512,14
509,512,4
109,512,403
95,513,419
294,513,220
481,513,33
486,513,28
502,513,12
508,513,6
510,513,4
511,513,3
158,513,355
470,514,45
481,514,34
508,514,7
512,514,3
263,514,251
144,515,372
433,515,83
464,515,52
486,515,30
505,515,11
513,515,3
361,515,154
23,516,494
210,516,307
251,516,266
391,516,126
436,516,81
497,516,20
505,516,12
511,516,6
514,516,3
81,516,435
35,517,483
46,517,472
427,517,91
446,517,72
511,517,7
515,517,3
516,517,1
15,518,504
501,518,18
511,518,8
512,518,7
515,518,4
516,518,3
156,518,362
392,519,128
495,519,25
511,519,9
517,519,3
292,519,227
496,520,25
513,520,8
501,520,19
44,521,478
416,521,106
500,521,22
511,521,11
518,521,4
102,521,419
186,522,337
412,522,111
460,522,63
487,522,36
509,522,14
520,522,3
337,522,185
455,523,69
516,523,8
519,523,5
268,523,255
413,524,112
416,524,109
517,524,8
521,524,4
148,524,376
415,525,111
498,525,28
505,525,21
509,525,17
129,525,396
7,526,520
217,526,310
478,526,49
496,526,31
519,526,8
521,526,6
522,526,5
524,526,3
18,526,508
49,527,479
472,527,56
520,527,8
521,527,7
523,527,4
509,528,20
525,528,4
363,528,165
513,529,17
525,529,5
527,529,3
396,529,133
466,530,65
498,530,33
12,530,518
192,531,340
194,531,338
499,531,33
517,531,15
527,531,5
528,531,4
529,531,3
360,531,171
9,532,524
141,532,392
399,532,134
491,532,42
499,532,34
530,532,3
501,532,31
131,533,403
257,533,277
332,533,202
424,533,110
531,533,3
3,533,530
141,534,394
491,534,44
507,534,28
532,534,3
5,534,529
154,535,382
380,535,156
389,535,147
419,535,117
511,535,25
526,535,10
529,535,7
533,535,3
31,535,504
179,536,358
216,536,321
273,536,264
499,536,38
519,536,18
521,536,16
527,536,10
476,536,60
266,537,272
511,537,27
522,537,16
524,537,14
535,537,3
515,537,22
383,538,156
466,538,73
497,538,42
471,538,67
156,539,384
444,539,96
533,539,7
535,539,5
537,539,3
38,539,501
171,540,370
351,540,190
465,540,76
508,540,33
511,540,30
527,540,14
529,540,12
536,540,5
538,540,3
1,540,539
1,541,541
467,541,75
499,541,43
511,541,31
539,541,3
496,541,45
443,542,100
457,542,86
528,542,15
536,542,7
540,542,3
477,542,65
264,543,280
296,543,248
322,543,222
411,543,133
514,543,30
541,543,3
374,543,169
192,544,353
302,544,243
395,544,150
505,544,40
527,544,18
542,544,3
118,544,426
466,545,80
515,545,31
530,545,16
287,545,258
1,546,546
194,546,353
507,546,40
522,546,25
528,546,19
534,546,13
538,546,9
544,546,3
125,546,421
293,547,255
384,547,164
520,547,28
410,547,137
163,548,386
335,548,214
516,548,33
518,548,31
537,548,12
538,548,11
545,548,4
546,548,3
174,548,374
324,549,226
458,549,92
505,549,45
506,549,44
521,549,29
531,549,19
546,549,4
547,549,3
333,549,216
263,550,288
345,550,206
463,550,88
503,550,48
505,550,46
524,550,27
539,550,12
540,550,11
546,550,5
472,550,78
524,551,28
536,551,16
545,551,7
549,551,3
76,551,475
213,552,340
254,552,299
406,552,147
455,552,98
513,552,40
526,552,27
160,552,392
422,553,132
463,553,91
477,553,77
503,553,51
533,553,21
546,553,8
547,553,7
549,553,5
29,553,524
195,554,360
440,554,115
493,554,62
503,554,52
539,554,16
543,554,12
544,554,11
551,554,4
387,554,167
322,555,234
472,555,84
548,555,8
553,555,3
149,555,406
367,556,190
405,556,152
487,556,70
542,556,15
550,556,7
112,556,444
236,557,322
368,557,190
523,557,35
542,557,16
544,557,14
83,557,474
316,558,243
509,558,50
521,558,38
523,558,36
543,558,16
299,558,259
162,559,398
430,559,130
492,559,68
498,559,62
538,559,22
119,559,440
225,560,336
475,560,86
528,560,33
532,560,29
556,560,5
428,560,132
343,561,219
538,561,24
548,561,14
556,561,6
557,561,5
559,561,3
348,561,213
151,562,412
451,562,112
525,562,38
531,562,32
560,562,3
28,562,534
259,563,305
289,563,275
537,563,27
553,563,11
556,563,8
561,563,3
392,563,171
508,564,57
562,564,3
182,564,382
299,565,267
441,565,125
537,565,29
552,565,14
563,565,3
467,565,98
392,566,175
405,566,162
412,566,155
549,566,18
559,566,8
561,566,6
563,566,4
255,566,311
258,567,310
524,567,44
561,567,7
457,567,110
513,568,56
535,568,34
553,568,16
566,568,3
164,568,404
444,569,126
561,569,9
563,569,7
564,569,6
479,569,90
363,570,208
370,570,201
509,570,62
525,570,46
540,570,31
552,570,19
559,570,12
562,570,9
564,570,7
567,570,4
399,570,171
126,571,446
493,571,79
496,571,76
515,571,57
567,571,5
539,571,32
151,572,422
437,572,136
506,572,67
537,572,36
542,572,31
559,572,14
568,572,5
570,572,3
268,572,304
314,573,260
433,573,141
467,573,107
492,573,82
530,573,44
550,573,24
558,573,16
294,573,279
469,574,106
499,574,76
560,574,15
567,574,8
571,574,4
572,574,3
3,574,571
289,575,287
444,575,132
485,575,91
559,575,17
566,575,10
573,575,3
336,575,239
214,576,363
427,576,150
574,576,3
109,576,467
9,577,569
494,577,84
514,577,64
552,577,26
558,577,20
565,577,13
570,577,8
391,577,186
151,578,428
385,578,194
524,578,55
553,578,26
576,578,3
103,578,475
572,579,8
576,579,4
481,579,98
318,580,263
478,580,103
556,580,25
557,580,24
575,580,6
578,580,3
277,580,303
530,581,52
545,581,37
558,581,24
565,581,17
569,581,13
572,581,10
579,581,3
407,581,174
45,582,538
429,582,154
570,582,13
578,582,5
121,582,461
175,583,409
549,583,35
567,583,17
577,583,7
580,583,4
581,583,3
49,583,534
277,584,308
474,584,111
563,584,22
574,584,11
578,584,7
579,584,6
580,584,5
582,584,3
385,584,199
576,585,10
580,585,6
581,585,5
202,585,383
282,586,305
525,586,62
549,586,38
583,586,4
584,586,3
499,586,87
218,587,370
245,587,343
283,587,305
349,587,239
543,587,45
583,587,5
584,587,4
456,587,131
120,588,469
385,588,204
497,588,92
543,588,46
586,588,3
176,588,412
394,589,196
483,589,107
511,589,79
572,589,18
584,589,6
587,589,3
534,589,55
202,590,389
311,590,280
435,590,156
517,590,74
551,590,40
572,590,19
583,590,8
588,590,3
15,590,575
559,591,33
588,591,4
589,591,3
505,591,86
115,592,478
513,592,80
572,592,21
334,592,258
526,593,68
527,593,67
548,593,46
563,593,31
591,593,3
586,593,7
32,594,563
175,594,419
496,595,100
564,595,32
571,595,25
575,595,21
576,595,20
577,595,19
593,595,3
90,595,505
117,596,480
249,596,348
303,596,294
400,596,197
475,596,122
540,596,57
576,596,21
592,596,5
594,596,3
244,596,352
174,597,424
323,597,275
360,597,238
429,597,169
590,597,8
593,597,5
595,597,3
181,597,416
410,598,189
479,598,120
572,598,27
575,598,24
589,598,10
593,598,6
270,598,328
568,599,32
594,599,6
597,599,3
102,599,497
474,600,127
530,600,71
545,600,56
570,600,31
591,600,10
592,600,9
597,600,4
26,600,574
406,601,196
414,601,188
478,601,124
596,601,6
216,601,385
542,602,61
569,602,34
585,602,18
588,602,15
596,602,7
598,602,5
599,602,4
600,602,3
107,602,495
59,603,545
510,603,94
554,603,50
581,603,23
599,603,5
600,603,4
579,603,24
287,604,318
435,604,170
472,604,133
505,604,100
538,604,67
557,604,48
602,604,3
493,604,111
516,605,90
536,605,70
583,605,23
588,605,18
596,605,10
598,605,8
603,605,3
99,605,506
96,606,511
316,606,291
379,606,228
482,606,125
509,606,98
583,606,23
519,607,89
561,607,47
585,607,23
590,607,18
599,607,9
401,607,206
67,608,542
373,608,236
603,608,6
604,608,5
606,608,3
0,608,608
221,609,389
549,609,61
552,609,58
567,609,43
598,609,12
604,609,6
202,609,407
172,610,439
327,610,284
429,610,182
569,610,42
590,610,21
608,610,3
119,610,491
18,611,594
600,611,12
607,611,5
609,611,3
553,611,58
271,612,342
312,612,301
509,612,104
580,612,33
591,612,22
608,612,5
609,612,4
246,612,366
51,613,563
275,613,339
297,613,317
405,613,209
529,613,85
595,613,19
598,613,16
610,613,4
611,613,3
565,613,48
277,614,338
518,614,97
571,614,44
592,614,23
593,614,22
599,614,16
603,614,12
605,614,10
245,614,369
409,615,207
424,615,192
456,615,160
557,615,59
572,615,44
582,615,34
599,615,17
610,615,6
612,615,4
613,615,3
262,615,353
451,616,166
552,616,65
582,616,35
607,616,10
614,616,3
162,616,454
38,617,580
477,617,141
535,617,83
560,617,58
587,617,31
610,617,8
613,617,5
262,617,355
426,618,193
561,618,58
595,618,24
598,618,21
605,618,14
156,618,462
79,619,541
499,619,121
518,619,102
536,619,84
610,619,10
616,619,4
617,619,3
390,619,229
65,620,556
577,620,44
608,620,13
618,620,3
79,620,541
308,621,314
359,621,263
604,621,18
610,621,12
613,621,9
619,621,3
595,621,26
56,622,567
154,622,469
323,622,300
537,622,86
615,622,8
618,622,5
58,622,564
416,623,208
461,623,163
470,623,154
523,623,101
529,623,95
534,623,90
597,623,27
602,623,22
614,623,10
619,623,5
620,623,4
132,623,491
438,624,187
590,624,35
601,624,24
609,624,16
439,624,185
470,625,156
538,625,88
603,625,23
613,625,13
618,625,8
400,625,225
323,626,304
613,626,14
621,626,6
624,626,3
497,626,129
151,627,477
383,627,245
447,627,181
588,627,40
595,627,33
622,627,6
624,627,4
625,627,3
60,627,567
573,628,56
626,628,3
42,628,586
26,629,604
249,629,381
297,629,333
575,629,55
625,629,5
627,629,3
76,629,553
25,630,606
194,630,437
595,630,36
615,630,16
619,630,12
628,630,3
72,630,558
506,631,126
547,631,85
559,631,73
611,631,21
613,631,19
620,631,12
623,631,9
625,631,7
627,631,5
629,631,3
604,631,27
521,632,112
593,632,40
607,632,26
627,632,6
629,632,4
630,632,3
579,632,53
389,633,245
614,633,20
619,633,15
620,633,14
631,633,3
88,633,545
547,634,88
575,634,60
617,634,18
624,634,11
625,634,10
632,634,3
211,634,423
573,635,63
609,635,27
610,635,26
611,635,25
614,635,22
621,635,15
631,635,5
633,635,3
11,635,624
218,636,419
538,636,99
551,636,86
592,636,45
620,636,17
622,636,15
634,636,3
431,636,205
150,637,488
613,637,25
616,637,22
635,637,3
93,637,544
274,638,365
526,638,113
587,638,52
590,638,49
626,638,12
358,639,282
361,639,279
626,639,14
629,639,11
631,639,9
571,639,68
242,640,399
513,640,128
556,640,85
604,640,37
631,640,10
638,640,3
515,640,125
513,641,129
565,641,77
588,641,54
615,641,27
618,641,24
633,641,9
637,641,5
639,641,3
406,641,235
265,642,378
387,642,256
610,642,33
623,642,20
38,642,604
344,643,300
437,643,207
633,643,11
530,643,113
175,644,470
633,644,12
640,644,5
641,644,4
10,644,634
292,645,354
440,645,206
636,645,10
639,645,7
640,645,6
643,645,3
341,645,304
239,646,408
419,646,228
574,646,73
610,646,37
618,646,29
643,646,4
644,646,3
47,646,599
417,647,231
553,647,95
605,647,43
645,647,3
353,647,294
163,648,486
434,648,215
502,648,147
152,648,496
177,649,473
294,649,356
410,649,240
458,649,192
622,649,28
630,649,20
638,649,12
640,649,10
644,649,6
645,649,5
647,649,3
286,649,363
534,650,117
543,650,108
611,650,40
628,650,23
645,650,6
647,650,4
76,650,574
587,651,65
602,651,50
644,651,8
647,651,5
351,651,300
204,652,449
219,652,434
500,652,153
597,652,56
624,652,29
642,652,11
650,652,3
301,652,351
77,653,577
446,653,208
455,653,199
621,653,33
626,653,28
636,653,18
648,653,6
651,653,3
324,653,329
287,654,368
316,654,339
466,654,189
611,654,44
648,654,7
651,654,4
652,654,3
114,654,540
366,655,290
515,655,141
615,655,41
627,655,29
631,655,25
640,655,16
641,655,15
652,655,4
653,655,3
467,655,188
568,656,89
622,656,35
642,656,15
647,656,10
653,656,4
654,656,3
185,656,471
377,657,281
469,657,189
577,657,81
643,657,15
645,657,13
384,657,273
530,658,129
594,658,65
646,658,13
648,658,11
656,658,3
434,658,224
268,659,392
427,659,233
642,659,18
643,659,17
650,659,10
653,659,7
657,659,3
160,659,499
595,660,66
629,660,32
639,660,22
641,660,20
649,660,12
651,660,10
658,660,3
24,660,636
465,661,197
513,661,149
604,661,58
621,661,41
655,661,7
542,661,119
78,662,585
287,662,376
494,662,169
504,662,159
564,662,99
618,662,45
622,662,41
643,662,20
650,662,13
656,662,7
659,662,4
400,662,262
273,663,391
327,663,337
436,663,228
626,663,38
647,663,17
657,663,7
660,663,4
661,663,3
203,663,460
288,664,377
551,664,114
603,664,62
605,664,60
657,664,8
91,664,573
363,665,303
619,665,47
628,665,38
640,665,26
642,665,24
652,665,14
663,665,3
533,665,132
27,666,640
53,666,614
615,666,52
645,666,22
646,666,21
651,666,16
657,666,10
661,666,6
664,666,3
608,666,58
99,667,569
321,667,347
579,667,89
635,667,33
636,667,32
638,667,30
649,667,19
658,667,10
664,667,4
74,667,593
570,668,99
652,668,17
663,668,6
664,668,5
665,668,4
666,668,3
83,668,585
409,669,261
444,669,226
647,669,23
653,669,17
654,669,16
661,669,9
664,669,6
460,669,209
265,670,406
539,670,132
622,670,49
635,670,36
646,670,25
653,670,18
660,670,11
663,670,8
666,670,5
667,670,4
445,670,225
183,671,489
495,671,177
577,671,95
627,671,45
656,671,16
661,671,11
669,671,3
344,671,327
579,672,94
610,672,63
653,672,20
663,672,10
668,672,5
458,672,214
65,673,609
457,673,217
578,673,96
617,673,57
657,673,17
658,673,16
207,673,466
411,674,264
592,674,83
648,674,27
665,674,10
340,674,334
459,675,217
530,675,146
600,675,76
642,675,34
654,675,22
660,675,16
665,675,11
666,675,10
667,675,9
671,675,5
673,675,3
477,675,198
547,676,130
552,676,125
649,676,28
670,676,7
260,676,416
532,677,146
557,677,121
643,677,35
649,677,29
656,677,22
669,677,9
673,677,5
674,677,4
675,677,3
571,677,106
147,678,532
663,678,16
673,678,6
160,678,518
647,679,33
656,679,24
665,679,15
666,679,14
101,679,578
116,680,565
527,680,154
642,680,39
670,680,11
672,680,9
676,680,5
438,680,242
3,681,679
404,681,278
641,681,41
665,681,17
667,681,15
669,681,13
674,681,8
675,681,7
532,681,149
318,682,365
436,682,247
641,682,42
646,682,37
676,682,7
27,682,655
216,683,468
305,683,379
510,683,174
512,683,172
636,683,48
643,683,41
651,683,33
657,683,27
676,683,8
678,683,6
680,683,4
681,683,3
55,683,628
312,684,373
471,684,214
677,684,8
680,684,5
243,684,441
591,685,95
679,685,7
683,685,3
504,685,181
519,686,168
571,686,116
616,686,71
625,686,62
674,686,13
677,686,10
590,686,96
415,687,273
582,687,106
588,687,100
660,687,28
683,687,5
685,687,3
503,687,184
0,688,689
481,688,208
614,688,75
625,688,64
667,688,22
670,688,19
680,688,9
684,688,5
685,688,4
617,688,71
540,689,150
605,689,85
633,689,57
658,689,32
680,689,10
682,689,8
683,689,7
684,689,6
685,689,5
686,689,4
373,689,316
423,690,268
620,690,71
627,690,64
667,690,24
684,690,7
686,690,5
688,690,3
657,690,33
538,691,154
688,691,4
689,691,3
99,691,592
177,692,516
213,692,480
361,692,332
505,692,188
597,692,96
648,692,45
667,692,26
677,692,16
690,692,3
499,692,193
500,693,194
514,693,180
630,693,64
684,693,10
686,693,8
205,693,488
407,694,288
422,694,273
562,694,133
592,694,103
624,694,71
660,694,35
674,694,21
690,694,5
275,694,419
178,695,518
271,695,425
403,695,293
414,695,282
623,695,73
635,695,61
645,695,51
656,695,40
674,695,22
691,695,5
692,695,4
130,695,565
634,696,63
684,696,13
685,696,12
693,696,4
694,696,3
206,696,490
229,697,469
294,697,404
644,697,54
680,697,18
683,697,15
695,697,3
488,697,209
415,698,284
479,698,220
577,698,122
684,698,15
690,698,9
257,698,441
484,699,216
582,699,118
646,699,54
652,699,48
672,699,28
686,699,14
687,699,13
691,699,9
696,699,4
23,699,676
67,700,634
237,700,464
488,700,213
572,700,129
597,700,104
693,700,8
698,700,3
692,700,8
419,701,283
469,701,233
551,701,151
580,701,122
613,701,89
675,701,27
680,701,22
681,701,21
687,701,15
697,701,5
699,701,3
590,701,111
687,702,16
698,702,5
700,702,3
109,702,593
100,703,604
643,703,61
699,703,5
701,703,3
133,703,570
545,704,160
635,704,70
680,704,25
695,704,10
698,704,7
702,704,3
41,704,663
231,705,475
253,705,453
467,705,239
659,705,47
694,705,12
695,705,11
250,705,455
308,706,399
332,706,375
602,706,105
646,706,61
685,706,22
653,706,53
329,707,379
343,707,365
444,707,264
623,707,85
673,707,35
690,707,18
693,707,15
699,707,9
704,707,4
380,707,327
696,708,13
704,708,5
706,708,3
449,708,259
634,709,76
694,709,16
701,709,9
705,709,5
706,709,4
254,709,455
224,710,487
273,710,438
503,710,208
536,710,175
556,710,155
665,710,46
696,710,15
699,710,12
704,710,7
708,710,3
572,710,138
346,711,366
686,711,26
699,711,13
702,711,10
154,711,557
180,712,533
271,712,442
459,712,254
620,712,93
665,712,48
694,712,19
701,712,12
705,712,8
708,712,5
709,712,4
710,712,3
610,712,102
85,713,629
529,713,185
679,713,35
706,713,8
45,713,668
708,714,7
709,714,6
711,714,4
712,714,3
174,714,540
35,715,681
555,715,161
661,715,55
680,715,36
713,715,3
672,715,43
40,716,677
632,716,85
677,716,40
703,716,14
710,716,7
714,716,3
613,716,103
113,717,605
526,717,192
710,717,8
665,717,52
121,718,598
290,718,429
672,718,47
706,718,13
715,718,4
590,718,128
330,719,390
446,719,274
494,719,226
706,719,14
711,719,9
717,719,3
150,719,569
324,720,397
474,720,247
563,720,158
703,720,18
707,720,14
711,720,10
699,720,21
357,721,365
431,721,291
537,721,185
596,721,126
708,721,14
713,721,9
717,721,5
241,721,480
561,722,162
661,722,62
718,722,5
467,722,255
366,723,358
699,723,25
715,723,9
716,723,8
718,723,6
721,723,3
641,723,82
427,724,298
585,724,140
693,724,32
700,724,25
704,724,21
705,724,20
711,724,14
712,724,13
650,724,74
702,725,24
704,725,22
706,725,20
719,725,7
688,725,37
174,726,553
192,726,535
329,726,398
477,726,250
533,726,194
566,726,161
607,726,120
647,726,80
660,726,67
701,726,26
704,726,23
716,726,11
719,726,8
723,726,4
514,726,212
457,727,271
597,727,131
612,727,116
691,727,37
723,727,5
262,727,465
595,728,134
721,728,8
724,728,5
726,728,3
663,728,65
384,729,346
524,729,206
597,729,133
704,729,26
152,729,577
237,730,494
256,730,475
375,730,356
517,730,214
537,730,194
576,730,155
668,730,63
708,730,23
724,730,7
726,730,5
728,730,3
542,730,188
281,731,451
393,731,339
717,731,15
718,731,14
725,731,7
726,731,6
727,731,5
728,731,4
416,731,315
423,732,310
563,732,170
712,732,21
713,732,20
728,732,5
729,732,4
75,732,657
600,733,134
638,733,96
694,733,40
705,733,29
731,733,3
209,733,524
670,734,65
730,734,5
216,734,518
73,735,663
551,735,185
631,735,105
707,735,29
729,735,7
398,735,337
376,736,361
613,736,124
717,736,20
722,736,15
728,736,9
627,736,109
291,737,447
313,737,425
431,737,307
613,737,125
729,737,9
734,737,4
735,737,3
577,737,160
97,738,642
485,738,254
640,738,99
684,738,55
732,738,7
560,738,178
676,739,64
702,739,38
703,739,37
730,739,10
735,739,5
736,739,4
179,739,560
601,740,140
654,740,87
729,740,12
736,740,5
188,740,552
320,741,422
468,741,274
543,741,199
733,741,9
738,741,4
739,741,3
15,741,726
106,742,637
438,742,305
512,742,231
613,742,130
716,742,27
728,742,15
733,742,10
734,742,9
737,742,6
738,742,5
740,742,3
388,742,354
661,743,83
713,743,31
301,743,442
219,744,526
353,744,392
600,744,145
630,744,115
633,744,112
741,744,4
727,744,17
606,745,140
704,745,42
720,745,26
731,745,15
743,745,3
193,745,552
183,746,564
526,746,221
617,746,130
680,746,67
718,746,29
744,746,3
215,746,531
173,747,575
493,747,255
706,747,42
745,747,3
7,747,740
97,748,652
284,748,465
588,748,161
709,748,40
732,748,17
738,748,11
345,748,403
384,749,366
700,749,50
739,749,11
19,749,730
526,750,225
586,750,165
633,750,118
723,750,28
746,750,5
748,750,3
466,750,284
167,751,585
338,751,414
518,751,234
558,751,194
727,751,25
728,751,24
737,751,15
749,751,3
145,751,606
686,752,67
695,752,58
716,752,37
744,752,9
747,752,6
355,752,397
26,753,728
668,753,86
690,753,64
747,753,7
750,753,4
95,753,658
519,754,236
634,754,121
710,754,45
743,754,12
745,754,10
618,754,136
709,755,47
713,755,43
752,755,4
753,755,3
693,755,62
240,756,517
606,756,151
734,756,23
749,756,8
752,756,5
753,756,4
210,756,546
22,757,736
409,757,349
682,757,76
716,757,42
749,757,9
753,757,5
755,757,3
731,757,26
525,758,234
649,758,110
723,758,36
732,758,27
744,758,15
751,758,8
624,758,134
747,759,13
750,759,10
754,759,6
349,759,410
46,760,715
405,760,356
538,760,223
704,760,57
747,760,14
751,760,10
753,760,8
758,760,3
372,760,388
360,761,402
426,761,336
444,761,318
612,761,150
691,761,71
754,761,8
755,761,7
758,761,4
354,761,407
574,762,189
704,762,59
741,762,22
745,762,18
753,762,10
758,762,5
760,762,3
61,762,701
60,763,704
382,763,382
472,763,292
522,763,242
727,763,37
744,763,20
754,763,10
760,763,4
235,763,528
193,764,572
306,764,459
388,764,377
561,764,204
699,764,66
731,764,34
757,764,8
759,764,6
760,764,5
291,764,473
255,765,511
610,765,156
759,765,7
761,765,5
763,765,3
185,765,580
327,766,440
683,766,84
700,766,67
717,766,50
762,766,5
394,766,372
369,767,399
759,767,9
764,767,4
92,767,675
536,768,233
604,768,165
753,768,16
757,768,12
764,768,5
254,768,514
595,769,175
691,769,79
757,769,13
764,769,6
244,769,525
104,770,667
540,770,231
765,770,6
767,770,4
768,770,3
219,770,551
154,771,618
506,771,266
733,771,39
737,771,35
750,771,22
764,771,8
376,771,395
406,772,367
596,772,177
637,772,136
719,772,54
766,772,7
545,772,227
504,773,270
631,773,143
663,773,111
759,773,15
760,773,14
761,773,13
770,773,4
384,773,389
676,774,99
758,774,17
765,774,10
771,774,4
772,774,3
755,774,19
639,775,137
752,775,24
754,775,22
773,775,3
494,775,281
592,776,185
699,776,78
757,776,20
770,776,7
773,776,4
753,776,23
92,777,686
568,777,210
728,777,50
757,777,21
767,777,11
773,777,5
774,777,4
775,777,3
395,777,382
152,778,627
702,778,77
706,778,73
760,778,19
776,778,3
240,778,538
248,779,532
728,779,52
762,779,18
763,779,17
771,779,9
777,779,3
759,779,20
705,780,76
734,780,47
751,780,30
769,780,12
773,780,8
777,780,4
778,780,3
97,780,683
587,781,195
685,781,97
694,781,88
770,781,11
535,782,248
746,782,37
774,782,9
780,782,3
697,782,85
541,783,243
582,783,202
612,783,172
657,783,127
724,783,60
770,783,14
774,783,10
718,783,65
238,784,547
733,784,52
776,784,9
779,784,6
780,784,5
781,784,4
101,784,683
13,785,773
651,785,135
728,785,58
737,785,49
746,785,40
758,785,28
761,785,25
769,785,17
774,785,12
490,785,295
506,786,281
575,786,212
762,786,25
778,786,9
782,786,5
783,786,4
784,786,3
354,786,432
411,787,377
658,787,130
686,787,102
689,787,99
730,787,58
783,787,5
784,787,4
570,787,217
520,788,269
726,788,63
749,788,40
781,788,8
786,788,3
150,788,638
617,789,173
735,789,55
760,789,30
761,789,29
784,789,6
786,789,4
551,789,238
667,790,124
709,790,82
305,790,485
601,791,191
755,791,37
788,791,4
789,791,3
582,791,209
616,792,177
724,792,69
782,792,11
783,792,10
785,792,8
787,792,6
788,792,5
575,792,217
288,793,506
607,793,187
657,793,137
668,793,126
743,793,51
778,793,16
790,793,4
791,793,3
437,793,356
631,794,164
682,794,113
759,794,36
777,794,18
790,794,5
792,794,3
122,794,672
567,795,229
733,795,63
757,795,39
776,795,20
792,795,4
793,795,3
164,795,631
483,796,314
580,796,217
674,796,123
791,796,6
794,796,3
168,796,628
683,797,115
781,797,17
786,797,12
787,797,11
795,797,3
260,797,537
785,798,14
795,798,4
613,798,185
567,799,233
601,799,199
657,799,143
776,799,24
779,799,21
790,799,10
794,799,6
796,799,4
636,799,163
769,800,32
782,800,19
789,800,12
791,800,10
796,800,4
548,801,254
568,801,234
731,801,71
733,801,69
736,801,66
762,801,40
775,801,27
781,801,21
786,801,16
787,801,15
789,801,13
797,801,5
799,801,3
441,801,360
530,802,273
759,802,44
798,802,5
502,802,300
290,803,514
299,803,505
751,803,53
765,803,39
800,803,4
801,803,3
750,803,53
681,804,124
690,804,115
757,804,48
762,804,43
781,804,24
785,804,20
795,804,10
801,804,4
697,804,107
683,805,123
690,805,116
765,805,41
794,805,12
796,805,10
799,805,7
801,805,5
342,805,463
150,806,657
663,806,144
781,806,26
793,806,14
801,806,6
560,806,246
768,807,40
795,807,13
798,807,10
109,807,698
354,808,455
609,808,200
802,808,7
806,808,3
531,808,277
677,809,133
752,809,58
776,809,34
783,809,27
801,809,9
441,809,368
50,810,761
688,810,123
718,810,93
789,810,22
793,810,18
799,810,12
807,810,4
808,810,3
607,810,203
267,811,545
391,811,421
760,811,52
790,811,22
807,811,5
364,811,447
192,812,621
621,812,192
663,812,150
800,812,13
806,812,7
810,812,3
525,812,287
362,813,452
396,813,418
723,813,91
789,813,25
799,813,15
805,813,9
807,813,7
811,813,3
659,813,154
200,814,615
439,814,376
460,814,355
539,814,276
598,814,217
746,814,69
808,814,7
811,814,4
812,814,3
620,814,194
39,815,777
687,815,129
720,815,96
767,815,49
792,815,24
807,815,9
809,815,7
813,815,3
683,815,132
272,816,545
408,816,409
579,816,238
794,816,23
277,816,539
79,817,739
808,817,10
813,817,5
815,817,3
784,817,33
558,818,261
707,818,112
791,818,28
811,818,8
812,818,7
816,818,3
263,818,555
64,819,756
258,819,562
466,819,354
503,819,317
758,819,62
792,819,28
794,819,26
809,819,11
811,819,9
814,819,6
817,819,3
495,819,324
294,820,527
361,820,460
812,820,9
817,820,4
818,820,3
591,820,229
297,821,525
732,821,90
801,821,21
805,821,17
807,821,15
346,821,475
332,822,491
659,822,164
695,822,128
791,822,32
800,822,23
816,822,7
819,822,4
820,822,3
224,822,598
492,823,332
764,823,60
797,823,27
815,823,9
821,823,3
606,823,217
241,824,584
468,824,357
509,824,316
794,824,31
820,824,5
821,824,4
190,824,634
262,825,564
380,825,446
698,825,128
710,825,116
723,825,103
801,825,25
814,825,12
821,825,5
823,825,3
449,825,376
57,826,770
448,826,379
649,826,178
690,826,137
807,826,20
810,826,17
823,826,4
824,826,3
337,826,489
679,827,149
789,827,39
796,827,32
817,827,11
825,827,3
740,827,87
452,828,377
587,828,242
725,828,104
727,828,102
782,828,47
816,828,13
826,828,3
71,828,757
458,829,372
595,829,235
602,829,228
654,829,176
770,829,60
776,829,54
780,829,50
787,829,43
796,829,34
810,829,20
126,829,703
461,830,370
467,830,364
486,830,345
628,830,203
667,830,164
756,830,75
815,830,16
821,830,10
823,830,8
825,830,6
827,830,4
828,830,3
224,830,606
225,831,607
529,831,303
558,831,274
669,831,163
678,831,154
748,831,84
818,831,14
819,831,13
829,831,3
776,831,55
378,832,455
826,832,7
829,832,4
483,832,349
354,833,480
420,833,414
463,833,371
538,833,296
591,833,243
698,833,136
791,833,43
824,833,10
825,833,9
831,833,3
57,833,776
696,834,139
805,834,30
807,834,28
811,834,24
829,834,6
832,834,3
55,834,779
170,835,666
246,835,590
306,835,530
519,835,317
570,835,266
821,835,15
207,835,628
629,836,208
694,836,143
775,836,61
70,837,768
684,837,154
768,837,70
782,837,56
828,837,10
829,837,9
830,837,8
609,837,228
107,838,732
809,838,30
812,838,27
826,838,13
836,838,3
215,838,623
114,839,726
141,839,699
723,839,117
751,839,89
810,839,30
834,839,6
680,839,159
793,840,48
815,840,26
821,840,20
837,840,4
155,840,685
645,841,197
768,841,74
812,841,30
829,841,13
70,841,771
664,842,179
806,842,37
839,842,4
840,842,3
572,842,270
167,843,677
273,843,571
448,843,396
690,843,154
745,843,99
770,843,74
813,843,31
832,843,12
837,843,7
212,843,631
476,844,369
599,844,246
841,844,4
176,844,668
333,845,513
589,845,257
717,845,129
718,845,128
814,845,32
829,845,17
839,845,7
733,845,112
159,846,688
774,846,73
800,846,47
840,846,7
844,846,3
546,846,300
504,847,344
558,847,290
583,847,265
616,847,232
794,847,54
819,847,29
842,847,6
845,847,3
827,847,20
673,848,176
740,848,109
762,848,87
842,848,7
845,848,4
846,848,3
759,848,89
825,849,25
135,849,714
729,850,122
838,850,13
845,850,6
847,850,4
549,850,301
354,851,498
464,851,388
694,851,158
734,851,118
756,851,96
772,851,80
773,851,79
820,851,32
834,851,18
837,851,15
838,851,14
844,851,8
846,851,6
847,851,5
848,851,4
476,851,375
539,852,314
572,852,281
615,852,238
813,852,40
848,852,5
596,852,256
638,853,216
646,853,208
662,853,192
730,853,124
826,853,28
845,853,9
851,853,3
482,853,371
684,854,171
687,854,168
833,854,22
841,854,14
848,854,7
851,854,4
30,854,824
753,855,103
761,855,95
806,855,50
834,855,22
845,855,11
848,855,8
849,855,7
154,855,701
175,856,682
700,856,157
737,856,120
746,856,111
847,856,10
853,856,4
854,856,3
819,856,37
553,857,305
585,857,273
680,857,178
840,857,18
851,857,7
476,857,381
338,858,521
806,858,53
840,858,19
845,858,14
851,858,8
854,858,5
855,858,4
71,858,787
146,859,714
637,859,223
696,859,164
740,859,120
829,859,31
834,859,26
857,859,3
168,859,691
70,860,791
765,860,96
790,860,71
827,860,34
837,860,24
846,860,15
849,860,12
854,860,7
857,860,4
367,860,493
239,861,623
279,861,583
602,861,260
788,861,74
826,861,36
843,861,19
857,861,5
609,861,252
852,862,11
545,862,317
15,863,849
520,863,344
738,863,126
829,863,35
850,863,14
564,863,299
425,864,440
553,864,312
639,864,226
746,864,119
858,864,7
860,864,5
453,864,411
493,865,373
677,865,189
717,865,149
834,865,32
846,865,20
859,865,7
862,865,4
69,865,796
815,866,52
824,866,43
832,866,35
850,866,17
859,866,8
862,866,5
853,866,13
338,867,530
493,867,375
644,867,224
673,867,195
844,867,24
850,867,18
859,867,9
862,867,6
864,867,4
829,867,38
19,868,850
558,868,311
669,868,200
816,868,53
839,868,30
841,868,28
846,868,23
208,868,660
166,869,704
306,869,564
720,869,150
827,869,43
867,869,3
287,869,582
572,870,299
624,870,247
785,870,86
839,870,32
841,870,30
851,870,20
853,870,18
858,870,13
865,870,6
866,870,5
867,870,4
868,870,3
196,870,674
128,871,744
840,871,32
858,871,14
867,871,5
868,871,3
98,872,775
854,872,19
869,872,4
870,872,3
651,872,221
562,873,312
706,873,168
773,873,101
838,873,36
846,873,28
861,873,13
871,873,3
829,873,44
744,874,131
851,874,24
863,874,12
423,874,451
688,875,188
836,875,40
855,875,21
863,875,13
869,875,7
872,875,4
203,875,672
586,876,291
673,876,204
835,876,42
866,876,11
38,876,838
390,877,488
536,877,342
651,877,227
690,877,188
873,877,5
875,877,3
787,877,90
432,878,447
456,878,423
738,878,141
789,878,90
846,878,33
866,878,13
875,878,4
876,878,3
249,878,629
691,879,189
697,879,183
808,879,72
816,879,64
821,879,59
849,879,31
874,879,6
751,879,128
878,880,3
687,880,193
688,881,194
821,881,61
848,881,34
854,881,28
869,881,13
242,881,639
182,882,701
353,882,530
451,882,432
610,882,273
643,882,240
726,882,157
815,882,68
849,882,34
858,882,25
864,882,19
872,882,11
875,882,8
878,882,5
879,882,4
880,882,3
771,882,111
397,883,487
409,883,475
641,883,243
828,883,56
833,883,51
837,883,47
847,883,37
866,883,18
645,883,238
739,884,146
791,884,94
802,884,83
879,884,6
882,884,3
269,884,615
845,885,41
878,885,8
880,885,6
881,885,5
882,885,4
883,885,3
822,885,63
222,886,665
363,886,524
372,886,515
689,886,198
784,886,103
809,886,78
873,886,14
875,886,12
881,886,6
417,886,469
92,887,796
464,887,424
509,887,379
762,887,126
849,887,39
852,887,36
878,887,10
883,887,5
884,887,4
529,887,358
95,888,794
749,888,140
843,888,46
882,888,7
886,888,3
124,888,764
51,889,839
224,889,666
253,889,637
275,889,615
376,889,514
849,889,41
877,889,13
886,889,4
887,889,3
774,889,115
799,890,92
866,890,25
877,890,14
879,890,12
883,890,8
887,890,4
57,890,833
29,891,863
572,891,320
856,891,36
867,891,25
874,891,18
882,891,10
886,891,6
887,891,5
889,891,3
597,891,294
744,892,149
764,892,129
480,892,412
420,893,474
608,893,286
610,893,284
865,893,29
888,893,6
889,893,5
712,893,181
352,894,543
741,894,154
793,894,102
874,894,21
878,894,17
880,894,14
219,895,677
681,895,215
707,895,189
784,895,112
835,895,61
880,895,16
479,895,416
194,896,703
723,896,174
759,896,138
789,896,108
815,896,82
846,896,51
865,896,32
890,896,7
894,896,3
55,896,841
781,897,117
862,897,36
876,897,22
884,897,14
885,897,13
888,897,10
858,897,39
215,898,684
654,898,245
853,898,46
893,898,6
894,898,5
896,898,3
192,898,706
620,899,280
811,899,89
838,899,62
884,899,16
690,899,209
540,900,361
590,900,311
898,900,3
279,900,621
41,901,861
391,901,511
556,901,346
576,901,326
891,901,11
897,901,5
899,901,3
786,901,115
358,902,545
371,902,532
453,902,450
686,902,217
771,902,132
834,902,69
888,902,15
896,902,7
897,902,6
899,902,4
900,902,3
77,902,825
517,903,387
639,903,265
889,903,15
900,903,4
270,903,633
388,904,517
605,904,300
667,904,238
739,904,166
785,904,120
871,904,34
901,904,4
280,904,624
331,905,575
850,905,56
902,905,4
766,905,139
394,906,513
497,906,410
523,906,384
619,906,288
809,906,98
875,906,32
882,906,25
886,906,21
896,906,11
902,906,5
903,906,4
158,906,748
361,907,547
638,907,270
817,907,91
844,907,64
888,907,20
889,907,19
893,907,15
905,907,3
337,907,570
709,908,200
809,908,100
837,908,72
887,908,22
528,908,380
784,909,126
821,909,89
881,909,29
888,909,22
900,909,10
904,909,6
906,909,4
907,909,3
707,909,202
172,910,739
728,910,183
867,910,44
899,910,12
274,910,636
503,911,409
519,911,393
780,911,132
855,911,57
900,911,12
399,911,512
491,912,422
510,912,403
601,912,312
416,912,496
886,913,28
907,913,7
911,913,3
762,913,151
328,914,587
526,914,389
880,914,35
901,914,14
908,914,7
909,914,6
911,914,4
912,914,3
613,914,301
127,915,789
352,915,564
479,915,437
831,915,85
864,915,52
875,915,41
889,915,27
891,915,25
905,915,11
910,915,6
912,915,4
256,915,659
516,916,401
672,916,245
858,916,59
908,916,9
911,916,6
913,916,4
914,916,3
167,916,749
577,917,341
910,917,8
913,917,5
423,917,494
894,918,25
906,918,13
907,918,12
913,918,6
914,918,5
915,918,4
72,918,846
572,919,348
904,919,16
914,919,6
916,919,4
725,919,194
686,920,235
712,920,209
916,920,5
917,920,4
918,920,3
643,920,277
705,921,217
881,921,41
887,921,35
896,921,26
918,921,4
919,921,3
499,921,422
46,922,877
418,922,505
658,922,265
916,922,7
918,922,5
920,922,3
279,922,643
600,923,324
788,923,136
898,923,26
913,923,11
916,923,8
917,923,7
918,923,6
921,923,3
806,923,117
712,924,213
829,924,96
865,924,60
559,924,365
603,925,323
822,925,104
904,925,22
917,925,9
921,925,5
923,925,3
214,925,711
418,926,509
566,926,361
903,926,24
921,926,6
923,926,4
162,926,764
709,927,219
715,927,213
919,927,9
924,927,4
925,927,3
679,927,248
395,928,534
506,928,423
737,928,192
896,928,33
913,928,16
918,928,11
921,928,8
925,928,4
813,928,115
505,929,425
637,929,293
831,929,99
924,929,6
926,929,4
927,929,3
111,929,818
523,930,408
879,930,52
887,930,44
911,930,20
917,930,14
266,930,664
73,931,859
766,931,166
813,931,119
835,931,97
849,931,83
876,931,56
913,931,19
919,931,13
924,931,8
929,931,3
46,931,885
364,932,569
684,932,249
881,932,52
906,932,27
913,932,20
929,932,4
930,932,3
596,932,336
713,933,221
909,933,25
930,933,4
692,933,241
170,934,765
614,934,321
668,934,267
739,934,196
759,934,176
825,934,110
917,934,18
919,934,16
920,934,15
931,934,4
932,934,3
251,934,683
539,935,397
828,935,108
899,935,37
930,935,6
931,935,5
933,935,3
178,935,757
149,936,788
878,936,59
929,936,8
930,936,7
932,936,5
14,936,922
175,937,763
678,937,260
926,937,12
248,937,689
709,938,230
922,938,17
933,938,6
22,938,916
307,939,633
334,939,606
656,939,284
673,939,267
797,939,143
809,939,131
877,939,63
889,939,51
933,939,7
934,939,6
935,939,5
937,939,3
118,939,821
179,940,762
390,940,551
561,940,380
865,940,76
886,940,55
906,940,35
908,940,33
914,940,27
924,940,17
930,940,11
934,940,7
938,940,3
433,940,507
458,941,484
544,941,398
750,941,192
815,941,127
838,941,104
864,941,78
908,941,34
928,941,14
561,941,380
181,942,762
661,942,282
700,942,243
915,942,28
940,942,3
194,942,748
164,943,780
238,943,706
617,943,327
931,943,13
941,943,3
810,943,133
88,944,857
628,944,317
824,944,121
910,944,35
939,944,6
941,944,4
942,944,3
528,944,416
371,945,575
923,945,23
943,945,3
929,945,16
651,946,296
839,946,108
912,946,35
937,946,10
943,946,4
944,946,3
46,946,900
643,947,305
718,947,230
833,947,115
847,947,101
933,947,15
936,947,12
944,947,4
945,947,3
350,947,597
907,948,42
913,948,36
916,948,33
936,948,13
942,948,7
943,948,6
944,948,5
945,948,4
797,948,151
637,949,313
722,949,228
880,949,70
902,949,48
946,949,4
947,949,3
801,949,148
310,950,641
425,950,526
659,950,292
682,950,269
695,950,256
887,950,64
342,950,608
756,951,196
780,951,172
842,951,110
878,951,74
896,951,56
898,951,54
900,951,52
944,951,8
947,951,5
562,951,389
279,952,674
672,952,281
912,952,41
945,952,8
948,952,5
949,952,4
950,952,3
477,952,475
706,953,248
711,953,243
846,953,108
889,953,65
940,953,14
946,953,8
949,953,5
950,953,4
951,953,3
584,953,369
699,954,256
830,954,125
925,954,30
941,954,14
950,954,5
380,954,574
390,955,566
695,955,261
853,955,103
920,955,36
940,955,16
942,955,14
946,955,10
953,955,3
334,955,621
291,956,666
321,956,636
692,956,265
865,956,92
871,956,86
937,956,20
732,956,224
304,957,654
656,957,302
837,957,121
854,957,104
859,957,99
940,957,18
949,957,9
955,957,3
149,957,808
812,958,147
934,958,25
940,958,19
944,958,15
948,958,11
868,958,90
225,959,735
323,959,637
689,959,271
802,959,158
864,959,96
918,959,42
957,959,3
717,959,242
239,960,722
738,960,223
889,960,72
932,960,29
859,960,101
819,961,143
908,961,54
933,961,29
951,961,11
959,961,3
461,961,500
673,962,290
683,962,280
734,962,229
867,962,96
892,962,71
945,962,18
949,962,14
958,962,5
959,962,4
284,962,678
340,963,624
644,963,320
747,963,217
904,963,60
930,963,34
939,963,25
940,963,24
955,963,9
282,963,681
587,964,378
901,964,64
907,964,58
909,964,56
932,964,33
961,964,4
696,964,268
571,965,395
869,965,97
915,965,51
919,965,47
933,965,33
963,965,3
365,965,600
874,966,93
899,966,68
929,966,38
366,966,600
768,967,200
778,967,190
875,967,93
897,967,71
917,967,51
940,967,28
963,967,5
965,967,3
736,967,231
750,968,219
904,968,65
931,968,38
960,968,9
965,968,4
697,968,271
662,969,308
859,969,111
965,969,5
966,969,4
349,969,620
781,970,190
859,970,112
943,970,28
957,970,14
963,970,8
964,970,7
965,970,6
968,970,3
914,970,56
272,971,700
958,971,14
966,971,6
967,971,5
968,971,4
33,971,938
638,972,335
678,972,295
931,972,42
154,972,818
629,973,345
637,973,336
929,974,46
972,974,3
943,974,31
50,975,926
683,975,293
927,975,49
951,975,25
955,975,21
964,975,12
969,975,7
971,975,5
973,975,3
730,975,245
622,976,355
641,976,336
797,976,180
810,976,167
912,976,65
65,976,911
618,977,360
837,977,141
943,977,35
948,977,30
951,977,27
972,977,6
975,977,3
548,977,429
975,978,4
830,978,148
559,979,421
959,979,21
960,979,20
964,979,16
969,979,11
971,979,9
972,979,8
977,979,3
215,979,764
977,980,4
179,980,801
766,981,216
782,981,200
955,981,27
970,981,12
971,981,11
977,981,5
978,981,4
368,981,613
45,982,938
228,982,755
368,982,615
837,982,146
963,982,20
974,982,9
977,982,6
978,982,5
979,982,4
980,982,3
831,982,151
452,983,532
816,983,168
908,983,76
953,983,31
966,983,18
928,983,55
160,984,825
250,984,735
334,984,651
401,984,584
460,984,525
620,984,365
963,984,22
977,984,8
979,984,6
980,984,5
981,984,4
958,984,26
735,985,251
899,985,87
980,985,6
983,985,3
148,985,837
591,986,396
761,986,226
849,986,138
952,986,35
959,986,28
971,986,16
980,986,7
983,986,4
984,986,3
181,986,805
257,987,731
797,987,191
933,987,55
968,987,20
970,987,18
974,987,14
979,987,9
746,987,241
734,988,255
986,988,3
562,988,426
917,989,73
970,989,20
986,989,4
359,989,630
133,990,858
711,990,280
775,990,216
785,990,206
790,990,201
803,990,188
825,990,166
981,990,10
982,990,9
986,990,5
988,990,3
513,990,477
978,991,14
986,991,6
477,991,514
54,992,939
244,992,749
826,992,167
831,992,162
903,992,90
988,992,5
373,992,619
281,993,713
334,993,660
583,993,411
814,993,180
918,993,76
927,993,67
981,993,13
988,993,6
990,993,4
991,993,3
716,993,277
320,994,675
750,994,245
947,994,48
970,994,25
972,994,23
987,994,8
991,994,4
992,994,3
788,994,206
243,995,753
368,995,628
660,995,336
990,995,6
993,995,3
404,995,591
888,996,109
934,996,63
935,996,62
979,996,18
985,996,12
989,996,8
994,996,3
678,996,318
390,997,608
968,997,30
990,997,8
992,997,6
75,997,922
525,998,474
853,998,146
969,998,30
986,998,13
989,998,10
674,998,324
511,999,489
834,999,166
929,999,71
947,999,53
975,999,25
991,999,9
343,999,656
